24 2 1
0.10000 0.62500
0.08
0.09167 0.70152
0.08
0.17500 0.68413
0.16
0.15000 0.65278
0.16
0.29167 0.53714
0.24
0.28333 0.50980
0.24
0.35000 0.42619
0.32
0.40833 0.38741
0.32
0.48333 0.36121
0.4
0.51667 0.35108
0.4
0.60000 0.31157
0.48
0.55000 0.32652
0.48
0.66667 0.28813
0.56
0.66667 0.30792
0.56
0.67500 0.27572
0.64
0.70000 0.28194
0.64
0.74167 0.26685
0.72
0.75833 0.26264
0.72
0.85000 0.25670
0.80
0.85000 0.25703
0.80
0.79167 0.24053
0.88
0.76667 0.23877
0.88
0.66667 0.22396
0.96
0.69167 0.22450
0.96
