01-01.jpg 22 26 43 25
01-02.jpg 22 22 42 24
01-03.jpg 18 27 41 22
01-04.jpg 20 25 42 24
01-05.jpg 19 26 43 27
01-06.jpg 23 24 41 26
02-01.jpg 21 23 44 21
02-02.jpg 19 24 43 24
02-03.jpg 18 23 44 26
02-04.jpg 21 24 43 24
02-05.jpg 20 23 42 26
02-06.jpg 19 27 43 23
02-07.jpg 20 28 41 23
03-01.jpg 24 25 44 25
03-02.jpg 24 25 43 26
03-03.jpg 22 26 41 23
03-04.jpg 21 25 40 24
03-05.jpg 24 24 40 25
03-06.jpg 21 22 42 26
03-07.jpg 19 24 40 26
03-08.jpg 19 25 40 24
03-09.jpg 20 25 41 25
03-10.jpg 20 26 41 22
03-11.jpg 21 23 40 25
03-12.jpg 21 27 40 25
03-13.jpg 21 24 42 25
03-14.jpg 23 22 44 25
04-01.jpg 20 26 39 25
04-02.jpg 22 24 43 25
04-03.jpg 19 24 39 24
04-04.jpg 24 25 43 25
04-05.jpg 21 25 41 25
04-06.jpg 20 25 44 28
04-07.jpg 19 28 43 25
05-01.jpg 21 26 39 24
05-02.jpg 20 26 41 25
05-03.jpg 20 27 38 26
05-04.jpg 22 25 45 25
05-05.jpg 20 26 40 24
05-06.jpg 19 25 38 25
05-07.jpg 19 27 42 25
05-08.jpg 19 28 40 25
05-09.jpg 19 28 42 26
05-10.jpg 19 24 42 26
05-11.jpg 21 25 41 27
05-12.jpg 16 27 38 25
05-13.jpg 20 24 43 23
06-01.jpg 21 27 44 24
06-02.jpg 18 28 42 24
06-03.jpg 20 25 41 24
06-04.jpg 21 26 42 27
06-05.jpg 21 25 45 23
06-06.jpg 19 23 44 25
06-07.jpg 20 26 41 25
06-08.jpg 18 29 40 26
06-09.jpg 20 26 44 25
06-10.jpg 19 25 44 25
06-11.jpg 15 24 41 20
06-12.jpg 20 24 44 23
06-13.jpg 20 26 43 24
06-14.jpg 20 25 43 25
06-16.jpg 22 24 43 26
06-17.jpg 18 25 41 25
06-18.jpg 19 23 41 24
06-19.jpg 19 23 44 25
06-20.jpg 22 24 43 23
06-21.jpg 21 24 43 26
06-22.jpg 20 23 43 27
06-23.jpg 22 23 45 27
06-24.jpg 17 21 42 19
06-25.jpg 21 23 45 22
06-26.jpg 22 25 42 23
06-27.jpg 20 25 43 23
06-28.jpg 21 25 41 26
06-29.jpg 20 23 42 25
06-30.jpg 25 23 42 22
07-02.jpg 19 23 42 24
07-03.jpg 19 25 45 23
07-04.jpg 20 23 44 28