96 6 2 
0.070000 0.000000 1.000000 0.000000 0.000000 0.000000 
0.000000 0.000000 
0.130000 0.000000 0.000000 1.000000 1.000000 1.000000 
1.000000 0.000000 
0.130000 0.000000 1.000000 0.000000 0.000000 0.000000 
0.000000 0.000000 
0.140000 0.000000 0.000000 1.000000 1.000000 1.000000 
1.000000 0.000000 
0.140000 0.000000 1.000000 0.000000 0.000000 0.000000 
0.000000 0.000000 
0.140000 0.000000 1.000000 0.000000 0.000000 0.000000 
0.000000 0.000000 
0.170000 0.000000 0.000000 1.000000 1.000000 1.000000 
1.000000 0.000000 
0.170000 0.000000 1.000000 0.000000 0.000000 0.000000 
0.000000 0.000000 
0.190000 0.000000 0.000000 1.000000 1.000000 1.000000 
1.000000 0.000000 
0.230000 0.000000 0.000000 1.000000 1.000000 1.000000 
1.000000 0.000000 
0.230000 0.000000 0.000000 1.000000 1.000000 1.000000 
1.000000 0.000000 
0.230000 0.000000 1.000000 0.000000 0.000000 0.000000 
0.000000 0.000000 
0.230000 0.000000 1.000000 0.000000 0.000000 0.000000 
0.000000 0.000000 
0.240000 0.000000 0.000000 1.000000 1.000000 1.000000 
1.000000 0.000000 
0.240000 0.000000 1.000000 0.000000 0.000000 0.000000 
0.000000 0.000000 
0.240000 0.000000 1.000000 0.000000 0.000000 0.000000 
0.000000 0.000000 
0.260000 0.000000 0.000000 1.000000 1.000000 1.000000 
1.000000 0.000000 
0.260000 0.000000 0.000000 1.000000 1.000000 1.000000 
1.000000 0.000000 
0.270000 0.000000 0.000000 1.000000 1.000000 1.000000 
1.000000 0.000000 
0.270000 0.000000 1.000000 0.000000 0.000000 0.000000 
0.000000 0.000000 
0.290000 0.000000 0.000000 1.000000 1.000000 0.000000 
1.000000 0.000000 
0.290000 0.000000 0.000000 1.000000 1.000000 0.000000 
1.000000 0.000000 
0.290000 0.000000 1.000000 0.000000 0.000000 0.000000 
0.000000 0.000000 
0.290000 0.000000 0.000000 1.000000 1.000000 1.000000 
1.000000 0.000000 
0.290000 0.000000 0.000000 1.000000 1.000000 1.000000 
1.000000 0.000000 
0.290000 0.000000 0.000000 1.000000 1.000000 1.000000 
1.000000 0.000000 
0.290000 0.000000 0.000000 1.000000 1.000000 1.000000 
1.000000 0.000000 
0.290000 0.000000 0.000000 1.000000 0.000000 0.000000 
1.000000 0.000000 
0.300000 0.000000 1.000000 0.000000 0.000000 0.000000 
0.000000 0.000000 
0.300000 0.000000 0.000000 1.000000 1.000000 1.000000 
1.000000 0.000000 
0.300000 0.000000 0.000000 1.000000 0.000000 0.000000 
1.000000 0.000000 
0.310000 0.000000 0.000000 1.000000 1.000000 0.000000 
1.000000 0.000000 
0.310000 0.000000 1.000000 0.000000 0.000000 0.000000 
0.000000 0.000000 
0.310000 0.000000 0.000000 1.000000 0.000000 0.000000 
1.000000 0.000000 
0.330000 0.000000 1.000000 0.000000 0.000000 0.000000 
0.000000 0.000000 
0.330000 0.000000 0.000000 1.000000 1.000000 1.000000 
1.000000 0.000000 
0.330000 0.000000 0.000000 1.000000 0.000000 0.000000 
1.000000 0.000000 
0.340000 0.000000 1.000000 0.000000 0.000000 0.000000 
0.000000 0.000000 
0.340000 0.000000 0.000000 1.000000 0.000000 0.000000 
1.000000 0.000000 
0.360000 0.000000 0.000000 1.000000 1.000000 0.000000 
1.000000 0.000000 
0.360000 0.000000 1.000000 0.000000 0.000000 0.000000 
0.000000 0.000000 
0.360000 0.000000 1.000000 0.000000 0.000000 0.000000 
0.000000 0.000000 
0.360000 0.000000 0.000000 1.000000 1.000000 1.000000 
1.000000 0.000000 
0.360000 0.000000 0.000000 1.000000 0.000000 0.000000 
1.000000 0.000000 
0.360000 0.000000 0.000000 1.000000 0.000000 0.000000 
1.000000 0.000000 
0.370000 0.000000 0.000000 1.000000 1.000000 0.000000 
1.000000 0.000000 
0.370000 0.000000 0.000000 1.000000 1.000000 0.000000 
1.000000 0.000000 
0.370000 0.000000 0.000000 1.000000 1.000000 1.000000 
1.000000 0.000000 
0.390000 0.000000 0.000000 1.000000 1.000000 0.000000 
1.000000 0.000000 
0.390000 0.000000 0.000000 1.000000 1.000000 0.000000 
1.000000 0.000000 
0.390000 0.000000 1.000000 0.000000 0.000000 0.000000 
0.000000 0.000000 
0.390000 0.000000 0.000000 1.000000 0.000000 0.000000 
1.000000 0.000000 
0.400000 0.000000 1.000000 0.000000 0.000000 0.000000 
0.000000 0.000000 
0.400000 0.000000 0.000000 1.000000 1.000000 1.000000 
1.000000 0.000000 
0.400000 0.000000 0.000000 1.000000 0.000000 0.000000 
1.000000 0.000000 
0.410000 0.000000 0.000000 1.000000 1.000000 0.000000 
1.000000 0.000000 
0.410000 0.000000 0.000000 1.000000 1.000000 0.000000 
1.000000 0.000000 
0.410000 0.000000 1.000000 0.000000 0.000000 0.000000 
0.000000 0.000000 
0.410000 0.000000 0.000000 1.000000 1.000000 1.000000 
1.000000 0.000000 
0.410000 0.000000 0.000000 1.000000 0.000000 0.000000 
1.000000 0.000000 
0.430000 0.000000 1.000000 1.000000 0.000000 1.000000 
0.000000 1.000000 
0.430000 0.000000 1.000000 1.000000 0.000000 1.000000 
0.000000 1.000000 
0.440000 0.000000 1.000000 1.000000 0.000000 1.000000 
0.000000 1.000000 
0.470000 0.000000 1.000000 1.000000 0.000000 1.000000 
0.000000 1.000000 
0.500000 0.000000 1.000000 1.000000 0.000000 1.000000 
0.000000 1.000000 
0.530000 0.000000 1.000000 1.000000 0.000000 1.000000 
0.000000 1.000000 
0.560000 0.000000 1.000000 1.000000 0.000000 1.000000 
0.000000 1.000000 
0.570000 0.000000 1.000000 1.000000 0.000000 1.000000 
0.000000 1.000000 
0.630000 0.000000 1.000000 1.000000 0.000000 1.000000 
0.000000 1.000000 
0.670000 0.000000 1.000000 1.000000 0.000000 1.000000 
0.000000 1.000000 
0.710000 1.000000 1.000000 1.000000 1.000000 1.000000 
1.000000 1.000000 
0.710000 1.000000 1.000000 1.000000 1.000000 1.000000 
1.000000 1.000000 
0.710000 1.000000 1.000000 1.000000 1.000000 0.000000 
1.000000 1.000000 
0.710000 0.000000 0.000000 0.000000 0.000000 0.000000 
0.000000 0.000000 
0.710000 0.000000 0.000000 0.000000 0.000000 0.000000 
0.000000 0.000000 
0.710000 1.000000 1.000000 0.000000 1.000000 0.000000 
0.000000 1.000000 
0.710000 1.000000 1.000000 0.000000 1.000000 0.000000 
0.000000 1.000000 
0.710000 0.000000 1.000000 1.000000 0.000000 1.000000 
0.000000 1.000000 
0.730000 1.000000 1.000000 1.000000 1.000000 0.000000 
1.000000 1.000000 
0.740000 1.000000 1.000000 1.000000 1.000000 1.000000 
1.000000 1.000000 
0.740000 0.000000 0.000000 0.000000 0.000000 0.000000 
0.000000 0.000000 
0.740000 1.000000 1.000000 0.000000 1.000000 0.000000 
0.000000 1.000000 
0.760000 0.000000 1.000000 1.000000 0.000000 1.000000 
0.000000 1.000000 
0.770000 1.000000 1.000000 1.000000 1.000000 1.000000 
1.000000 1.000000 
0.770000 1.000000 1.000000 1.000000 1.000000 0.000000 
1.000000 1.000000 
0.770000 1.000000 1.000000 1.000000 1.000000 0.000000 
1.000000 1.000000 
0.770000 0.000000 0.000000 0.000000 0.000000 0.000000 
0.000000 0.000000 
0.770000 1.000000 1.000000 0.000000 1.000000 0.000000 
0.000000 1.000000 
0.790000 1.000000 1.000000 1.000000 1.000000 0.000000 
1.000000 1.000000 
0.800000 1.000000 1.000000 1.000000 1.000000 1.000000 
1.000000 1.000000 
0.800000 0.000000 0.000000 0.000000 0.000000 0.000000 
0.000000 0.000000 
0.800000 1.000000 1.000000 0.000000 1.000000 0.000000 
0.000000 1.000000 
0.810000 1.000000 1.000000 1.000000 1.000000 1.000000 
1.000000 1.000000 
0.810000 1.000000 1.000000 1.000000 1.000000 0.000000 
1.000000 1.000000 
0.810000 0.000000 0.000000 0.000000 0.000000 0.000000 
0.000000 0.000000 
0.810000 1.000000 1.000000 0.000000 1.000000 0.000000 
0.000000 1.000000 
