180 25 1
0.3625 0 0 1 0 0 0.533333333 0.32826087 0 1 0 0 0.68 0 0 0 1 0 1 0 0 0 1 0 0 
0
0.275 1 0 0 1 0 0.5 0.130434783 0 1 0 0 0.6 0 0 1 0 0 1 0 0 0 1 0 0 
0
0.2375 0 0 0 1 0 0.2 0.17173913 0 1 0 0 0.793333333 0 0 1 0 0 1 0 0 0 1 0 0 
0
0.2625 1 0 1 0 0 0.541666667 0.180434783 0 1 0 0 0.48 0 0 0 1 0 1 0 0 0 0 1 0 
0
0.45 1 0 0 1 0 0.5 0.295652174 1 0 0 1 0.546666667 1 0.12 0 1 0 0 1 0 0 0 1 0 
1
0.625 1 0 1 0 0 0.716666667 0.27173913 0 0 0 1 0.553333333 0 0 1 0 0 1 0 0 0 1 0 0 
0
0.45 1 0 0 0 1 0.516666667 0.139130435 0 0 0 1 0.3 1 0.42 0 1 0 0 1 0 0 0 1 0 
1
0.5375 0 0 0 0 1 0.316666667 0.323913043 0 1 0 0 0.726666667 1 0.36 0 1 0 0 0 1 0 1 0 0 
1
0.55 1 1 0 0 0 0.333333333 0.197826087 0 0 0 1 0.56 1 0.36 0 1 0 1 0 0 0 1 0 0 
0
0.425 1 0 0 0 1 0.333333333 0.258695652 0 1 0 0 0.44 1 0.56 0 1 0 0 1 0 0 0 0 1 
1
0.4375 1 0 0 0 1 0.516666667 0.506521739 0 1 0 0 0.48 1 0.24 0 1 0 0 1 0 0 0 0 1 
1
0.35 1 0 0 0 1 0.433333333 0.22173913 0 0 0 1 0.84 0 0 1 0 0 1 0 0 0 1 0 0 
0
0.4 1 1 0 0 0 0.683333333 0.386956522 1 1 0 0 0.786666667 0 0.24 0 1 0 1 0 0 0 0 0 1 
0
0.325 1 0 1 0 0 0.258333333 0.167391304 1 1 0 0 0.64 0 0 1 0 0 1 0 0 0 0 0 1 
0
0.5375 1 0 0 0 1 0.5 0.456521739 1 0 0 1 0.48 1 0.36 1 0 0 0 0 0 1 0 0 1 
1
0.5625 1 0 0 0 1 0.541666667 0.291304348 0 0 0 1 0.446666667 0 0.56 0 1 0 0 1 0 0 0 0 1 
1
0.275 1 0 0 1 0 0.416666667 0.260869565 1 1 0 0 0.893333333 0 0.16 0 0 1 1 0 0 0 0 0 1 
0
0.3 1 0 0 0 1 0.333333333 0.167391304 0 0 0 1 0.78 0 0 1 0 0 0 1 0 0 1 0 0 
1
0.475 1 0 0 0 1 0.483333333 0.302173913 0 0 0 1 0.466666667 1 0.6 0 1 0 0 0 1 0 0 0 1 
1
0.525 1 0 0 0 1 0.416666667 0.319565217 0 1 0 0 0.26 1 0.36 0 1 0 0 0 1 0 0 0 1 
1
0.475 1 0 0 1 0 0.35 0.239130435 0 0 0 1 0.7 0 0.5 0 1 0 0 1 0 0 0 0 1 
1
0.475 0 0 0 1 0 0.416666667 0.47826087 0 1 0 0 0.746666667 0 0 1 0 0 1 0 0 0 1 0 0 
0
0.5 1 0 0 0 1 0.5 0.186956522 0 0 0 1 0.48 1 0.48 0 1 0 0 0 1 0 0 0 1 
1
0.4125 1 0 0 1 0 0.5 0.167391304 1 0 0 1 0.613333333 0 0.24 0 0 1 1 0 0 0 1 0 0 
0
0.5875 0 0 0 1 0 0.375 0.965217391 0 0 0 1 0.666666667 0 0.32 0 1 0 1 0 0 0 0 0 1 
0
0.5875 1 0 0 0 1 0.25 0.389130435 0 0 0 1 0.433333333 1 0.18 0 1 0 0 0 1 0 1 0 0 
1
0.4125 1 0 0 0 1 0.441666667 0.352173913 0 1 0 0 0.233333333 1 0.4 0 1 0 0 0 1 0 0 0 1 
1
0.4875 1 0 0 0 1 0.541666667 0.247826087 0 1 0 0 0.673333333 0 0.1 0 1 0 1 0 0 0 0 0 1 
0
0.475 1 0 0 1 0 0.291666667 0.260869565 0 0 0 1 0.626666667 1 0.12 0 1 0 1 0 0 0 0 0 1 
0
0.4 1 0 0 0 1 0.35 0.239130435 0 1 0 0 0.666666667 0 0 1 0 0 0 1 0 0 1 0 0 
1
0.3875 0 0 0 1 0 0.5 0.295652174 0 0 0 1 0.593333333 0 0.1 1 0 0 1 0 0 0 1 0 0 
0
0.3875 1 0 0 0 1 0.583333333 0.306521739 0 0 0 1 0.84 1 0 1 0 0 1 0 0 0 1 0 0 
0
0.4375 0 0 0 0 1 0.916666667 0.45 0 0 1 0 0.38 1 0.68 0 1 0 1 0 0 0 1 0 0 
1
0.4875 0 0 0 0 1 0.866666667 0.280434783 0 1 0 0 0.553333333 1 0 0 1 0 1 0 0 0 1 0 0 
1
0.5 0 0 0 1 0 0.416666667 0.126086957 1 1 0 0 0.24 0 0 1 0 0 1 0 0 0 1 0 0 
0
0.3875 1 0 0 1 0 0.458333333 0.27173913 1 0 0 1 0.706666667 0 0.48 0 1 0 1 0 0 0 1 0 0 
0
0.6 1 0 0 1 0 0.4 0.341304348 0 1 0 0 0.606666667 0 0.2 1 0 0 0 1 0 0 0 0 1 
0
0.525 0 0 0 1 0 0.5 0.310869565 0 1 0 0 0.246666667 0 0.24 0 1 0 0 1 0 0 0 0 1 
1
0.375 1 0 0 1 0 0.491666667 0.165217391 0 1 0 0 0.686666667 0 0 1 0 0 1 0 0 0 1 0 0 
0
0.3 0 0 0 1 0 0.316666667 0.045652174 0 1 0 0 0.766666667 0 0.12 0 1 0 1 0 0 0 1 0 0 
0
0.3875 0 0 0 0 1 0.5 0.402173913 0 1 0 0 0.546666667 1 0.24 0 1 0 1 0 0 0 0 0 1 
1
0.2625 0 0 0 1 0 0.35 0.32173913 0 0 0 1 0.746666667 1 0 1 0 0 1 0 0 0 1 0 0 
0
0.4625 1 0 0 0 1 0.666666667 0.339130435 0 0 0 1 0.346666667 1 0.12 0 1 0 0 1 0 0 0 1 0 
1
0.625 1 0 0 1 0 0.75 0.323913043 0 1 0 0 0.346666667 1 0.58 0 1 0 0 1 0 0 0 0 1 
1
0.575 1 0 0 0 1 0.416666667 0.395652174 0 0 0 1 0.606666667 0 0.08 0 1 0 1 0 0 0 1 0 0 
0
0.425 0 0 0 1 0 0.75 0.176086957 0 1 0 0 0.686666667 0 0 1 0 0 0 1 0 0 1 0 0 
0
0.5875 0 0 0 1 0 0.683333333 0.341304348 0 1 0 0 0.746666667 0 0 1 0 0 0 1 0 0 1 0 0 
0
0.5625 0 0 0 1 0 0.708333333 0.323913043 0 1 0 0 0.586666667 0 0.16 1 0 0 1 0 0 0 1 0 0 
0
0.4 1 0 1 0 0 0.483333333 0.184782609 1 1 0 0 0.826666667 0 0 1 0 0 1 0 0 0 1 0 0 
0
0.275 1 0 0 0 1 0.55 0.423913043 0 1 0 0 0.433333333 1 0.36 0 1 0 1 0 0 0 0 1 0 
1
0.4625 1 0 0 0 1 0.333333333 0.176086957 0 1 0 0 0.44 1 0.3 0 1 0 1 0 0 0 0 1 0 
0
0.225 1 1 0 0 0 0.416666667 0.241304348 0 1 0 0 0.813333333 1 0.76 0 1 0 1 0 0 0 0 0 1 
1
0.5125 1 0 0 0 1 0.566666667 0.1 0 0 0 1 0.433333333 1 0.72 0 1 0 0 1 0 0 1 0 0 
1
0.4875 1 0 0 0 1 0.583333333 0.123913043 0 1 0 0 0.68 1 0 1 0 0 0 1 0 0 0 0 1 
1
0.275 1 1 0 0 0 0.65 0.269565217 0 0 0 1 0.786666667 0 0.16 1 0 0 0 0 1 0 1 0 0 
0
0.35 1 0 0 0 1 0.5 0.295652174 1 0 0 1 0.6 1 0 1 0 0 0 0 1 0 0 0 1 
1
0.2875 1 0 0 0 1 0.333333333 0.197826087 0 1 0 0 0.673333333 0 0 1 0 0 1 0 0 0 0 0 1 
0
0.2875 0 0 0 1 0 0.433333333 0.202173913 0 1 0 0 0.7 0 0.04 0 1 0 1 0 0 0 1 0 0 
0
0.4625 1 0 0 0 1 0.583333333 0.156521739 0 1 0 0 0.586666667 0 0.08 0 1 0 1 0 0 0 0 1 0 
0
0.5 1 0 0 0 1 0.458333333 0.3 0 0 0 1 0.54 1 0.56 0 1 0 0 1 0 0 0 0 1 
1
0.1875 0 0 0 0 1 0.566666667 0.136956522 0 1 0 0 0.813333333 0 0.28 1 0 0 1 0 0 0 1 0 0 
0
0.425 1 0 0 0 1 0.333333333 0.186956522 0 0 0 1 0.32 1 0 0 1 0 0 1 0 0 1 0 0 
1
0.6125 1 0 0 1 0 0.75 0.247826087 1 0 0 1 0.473333333 0 0.02 0 1 0 0 1 0 0 1 0 0 
0
0.4625 1 0 0 0 1 0.683333333 0.334782609 0 1 0 0 0.186666667 1 0.24 0 1 0 0 1 0 0 0 0 1 
1
0.3 1 0 0 0 1 0.35 0.369565217 0 0 0 1 0.62 0 0 1 0 0 0 1 0 0 1 0 0 
1
0.4625 1 0 1 0 0 0.45 0.306521739 0 1 0 0 0.54 0 0.06 1 0 0 1 0 0 0 0 0 1 
1
0.5 1 0 0 0 1 0.391666667 0.239130435 1 1 0 0 0.666666667 1 0.28 1 0 0 0 0 1 0 0 0 1 
1
0.55 1 0 0 0 1 0.416666667 0.273913043 0 0 0 1 0.24 1 0.44 0 0 1 0 1 0 0 1 0 0 
1
0.4625 0 0 0 0 1 0.416666667 0.508695652 0 1 0 0 0.686666667 1 0.12 1 0 0 1 0 0 0 1 0 0 
0
0.3875 1 0 0 1 0 0.2 0.232608696 0 1 0 0 0.626666667 1 0 1 0 0 0 1 0 0 0 0 1 
0
0.425 1 0 0 1 0 0.666666667 0.243478261 0 0 0 1 0.7 0 0.32 1 0 0 1 0 0 0 0 0 1 
0
0.3625 1 0 1 0 0 0.5 0.317391304 0 1 0 0 0.74 0 0.12 1 0 0 1 0 0 0 1 0 0 
0
0.575 0 1 0 0 0 0.666666667 0.230434783 0 1 0 0 0.36 0 0.52 0 0 1 1 0 0 0 1 0 0 
0
0.45 0 0 1 0 0 0.583333333 0.37826087 0 0 0 1 0.62 0 0.26 0 1 0 1 0 0 0 1 0 0 
0
0.2875 1 0 0 0 1 0.416666667 0.123913043 0 0 0 1 0.4 1 0.5 0 1 0 1 0 0 0 0 0 1 
1
0.35 1 0 0 0 1 0.45 0.334782609 0 0 0 1 0.706666667 0 0.1 0 1 0 1 0 0 0 0 0 1 
1
0.5 0 0 0 0 1 0.666666667 0.3 0 0 0 1 0.646666667 0 0.52 0 1 0 0 0 1 0 0 0 1 
1
0.4875 1 1 0 0 0 0.75 0.332608696 0 0 0 1 0.433333333 0 0 1 0 0 1 0 0 0 1 0 0 
1
0.375 0 0 1 0 0 0.416666667 0.269565217 0 1 0 0 0.68 0 0.22 1 0 0 1 0 0 0 1 0 0 
0
0.35 1 0 1 0 0 0.333333333 0.236956522 0 1 0 0 0.72 0 0.2 0 0 1 1 0 0 0 0 0 1 
1
0.5375 0 0 0 1 0 0.541666667 0.286956522 0 0 0 1 0.746666667 0 0 1 0 0 1 0 0 0 1 0 0 
0
0.525 1 0 0 1 0 0.5 0.241304348 0 1 0 0 0.573333333 0 0.36 0 1 0 0 0 0 1 0 0 1 
0
0.425 1 0 0 1 0 0.416666667 0.3 0 0 0 1 0.58 0 0.08 0 1 0 1 0 0 0 0 0 1 
0
0.5125 0 0 0 0 1 0.625 0.406521739 0 0 0 1 0.573333333 1 0.2 0 1 0 1 0 0 0 0 0 1 
1
0.3125 0 0 0 0 1 0.566666667 0.252173913 0 0 0 1 0.613333333 1 0.04 0 1 0 1 0 0 0 1 0 0 
0
0.45 1 0 0 0 1 0.5 0.354347826 1 0 0 1 0.286666667 1 0.32 0 0 1 1 0 0 0 0 0 1 
1
0.2625 1 0 1 0 0 0.333333333 0.25 0 1 0 0 0.62 0 0 1 0 0 1 0 0 0 1 0 0 
0
0.425 0 0 0 1 0 0.333333333 0.204347826 0 1 0 0 0.653333333 0 0.32 0 1 0 1 0 0 0 1 0 0 
0
0.5375 0 0 1 0 0 0.583333333 0.163043478 0 1 0 0 0.793333333 0 0 1 0 0 0 0 1 0 1 0 0 
0
0.6375 0 0 0 0 1 0.35 0.063043478 0 1 0 0 0.433333333 0 0.32 0 1 0 1 0 0 0 1 0 0 
0
0.3625 1 0 0 1 0 0.416666667 0.147826087 0 1 0 0 0.526666667 0 0.4 0 1 0 0 0 0 1 0 0 1 
1
0.6 0 0 0 1 0 0.416666667 0.197826087 0 0 0 1 0.366666667 0 0.3 0 1 0 1 0 0 0 1 0 0 
0
0.3875 1 0 0 1 0 0.333333333 0.119565217 0 1 0 0 0.42 0 0.12 1 0 0 1 0 0 0 1 0 0 
0
0.425 1 0 0 0 1 0.416666667 0.147826087 0 1 0 0 0.353333333 0 0.28 0 1 0 0 1 0 0 0 0 1 
1
0.525 0 0 0 0 1 0.45 0.193478261 0 1 0 0 0.686666667 0 0 1 0 0 1 0 0 0 1 0 0 
0
0.5125 1 1 0 0 0 0.533333333 0.247826087 0 1 0 0 0.566666667 0 0.52 0 1 0 0 0 1 0 1 0 0 
1
0.2875 1 0 0 0 1 0.666666667 0.276086957 0 1 0 0 0.74 0 0.3 1 0 0 1 0 0 0 1 0 0 
0
0.375 1 0 0 0 1 0.666666667 0.267391304 0 0 0 1 0.453333333 0 0.52 0 1 0 1 0 0 0 0 0 1 
1
0.45 1 0 1 0 0 0.416666667 0.252173913 0 1 0 0 0.786666667 0 0.16 1 0 0 1 0 0 0 1 0 0 
0
0.4625 1 0 0 1 0 0.666666667 0.104347826 0 1 0 0 0.76 0 0.32 1 0 0 1 0 0 0 1 0 0 
0
0.3625 0 0 0 0 1 0.5 0.323913043 0 1 0 0 0.686666667 0 0 1 0 0 1 0 0 0 1 0 0 
0
0.4 1 0 0 0 1 0.483333333 0.293478261 0 1 0 0 0.673333333 1 0 1 0 0 0 1 0 0 0 0 1 
1
0.325 1 0 0 1 0 0.666666667 0.241304348 0 1 0 0 0.58 0 0.72 0 1 0 1 0 0 0 1 0 0 
1
0.525 0 0 0 0 1 0.583333333 0.32173913 0 0 0 1 0.666666667 0 0.72 0 0 1 0 0 1 0 1 0 0 
1
0.3375 1 0 0 0 1 0.35 0.182608696 0 1 0 0 0.553333333 0 0.02 1 0 0 1 0 0 0 1 0 0 
0
0.5625 1 0 0 0 1 0.333333333 0.27826087 0 0 0 1 0.653333333 0 0.12 1 0 0 0 0 1 0 0 1 0 
1
0.35 1 0 0 1 0 0.45 0.293478261 1 1 0 0 0.766666667 0 0 1 0 0 0 0 1 0 1 0 0 
0
0.525 0 0 0 0 1 0.666666667 0.269565217 0 1 0 0 0.626666667 1 0.28 0 1 0 1 0 0 0 1 0 0 
1
0.4125 1 0 0 0 1 0.6 0.230434783 0 0 0 1 0.34 1 0 1 0 0 1 0 0 0 0 0 1 
0
0.525 1 0 1 0 0 0.483333333 0.191304348 1 0 0 1 0.533333333 0 0 1 0 0 1 0 0 0 1 0 0 
0
0.575 1 0 0 0 1 0.35 0.2 0 0 0 1 0.48 1 0.02 1 0 0 0 1 0 0 1 0 0 
1
0.3 1 0 1 0 0 0.416666667 0.310869565 0 1 0 0 0.753333333 0 0 1 0 0 1 0 0 0 0 0 1 
0
0.6375 0 0 0 1 0 0.333333333 0.315217391 1 0 0 1 0.466666667 0 0 1 0 0 0 1 0 0 1 0 0 
0
0.3125 1 0 0 0 1 0.375 0.304347826 0 0 0 1 0.833333333 0 0 1 0 0 1 0 0 0 1 0 0 
0
0.55 0 0 0 0 1 0.916666667 0.445652174 0 1 0 0 0.626666667 1 0 1 0 0 1 0 0 0 1 0 0 
0
0.475 0 1 0 0 0 0.666666667 0.354347826 1 0 0 1 0.68 0 0.2 1 0 0 1 0 0 0 1 0 0 
0
0.4 1 0 1 0 0 0.533333333 0.176086957 0 1 0 0 0.653333333 0 0.16 1 0 0 0 1 0 0 1 0 0 
0
0.4875 1 0 1 0 0 0.583333333 0.219565217 0 1 0 0 0.693333333 1 0 1 0 0 1 0 0 0 1 0 0 
0
0.2875 1 0 0 1 0 0.5 0.423913043 0 1 0 0 0.68 0 0.38 1 0 0 0 1 0 0 1 0 0 
0
0.5625 0 0 0 1 0 0.583333333 0.645652174 1 0 0 1 0.646666667 0 0.16 1 0 0 0 1 0 0 1 0 0 
0
0.425 1 0 1 0 0 0.316666667 0.410869565 0 1 0 0 0.64 0 0 1 0 0 1 0 0 0 0 0 1 
0
0.275 1 0 1 0 0 0.416666667 0.380434783 0 1 0 0 0.68 0 0 1 0 0 1 0 0 0 1 0 0 
0
0.325 0 0 1 0 0 0.291666667 0.182608696 0 1 0 0 0.746666667 0 0 1 0 0 1 0 0 0 1 0 0 
0
0.5 1 0 0 1 0 0.583333333 0.141304348 0 0 0 1 0.633333333 0 0.6 0 1 0 1 0 0 0 1 0 0 
1
0.5 0 1 0 0 0 0.666666667 0.260869565 0 1 0 0 0.74 0 0.18 1 0 0 1 0 0 0 1 0 0 
0
0.425 0 0 0 1 0 0.316666667 0.319565217 0 0 0 1 0.713333333 0 0 1 0 0 1 0 0 0 1 0 0 
0
0.4875 1 0 0 0 1 0.333333333 0.258695652 0 0 0 1 0.546666667 1 0.24 0 1 0 0 1 0 0 0 0 1 
1
0.425 1 0 0 0 1 0.433333333 0.360869565 0 0 0 1 0.373333333 1 0.64 0 1 0 0 0 1 0 1 0 0 
1
0.375 0 0 0 0 1 0.333333333 0.291304348 0 0 0 1 0.66 0 0 1 0 0 1 0 0 0 1 0 0 
0
0.2625 1 0 0 1 0 0.35 0.282608696 0 1 0 0 0.793333333 0 0 1 0 0 1 0 0 0 1 0 0 
0
0.3 1 0 1 0 0 0.416666667 0.217391304 0 1 0 0 0.733333333 0 0 1 0 0 1 0 0 0 1 0 0 
0
0.5125 0 0 0 0 1 0.5 0.456521739 0 0 0 1 0.726666667 0 0 1 0 0 1 0 0 0 1 0 0 
1
0.3375 1 0 0 0 1 0.333333333 0.336956522 0 0 0 1 0.386666667 1 0.2 0 1 0 0 1 0 0 1 0 0 
1
0.25 1 0 0 0 1 0.683333333 0.223913043 0 1 0 0 0.806666667 0 0 1 0 0 1 0 0 0 0 0 1 
1
0.575 0 0 0 0 1 0.9 0.234782609 1 1 0 0 0.7 1 0.2 0 1 0 0 0 1 0 0 0 1 
1
0.525 0 0 0 0 1 0.566666667 0.37826087 1 1 0 0 0.306666667 0 0.38 0 1 0 0 0 0 1 1 0 0 
1
0.4625 1 0 0 1 0 0.483333333 0.236956522 0 0 0 1 0.6 0 0.08 0 1 0 0 1 0 0 0 0 1 
1
0.475 1 0 1 0 0 0.416666667 0.356521739 0 0 0 1 0.666666667 0 0.36 0 1 0 1 0 0 0 1 0 0 
1
0.2625 0 0 1 0 0 0.291666667 0.169565217 0 1 0 0 0.72 0 0 1 0 0 0 1 0 0 1 0 0 
0
0.5 0 0 0 0 1 0.733333333 0.402173913 0 0 0 1 0.673333333 0 0 1 0 0 1 0 0 0 1 0 0 
1
0.3875 1 0 0 0 1 0.583333333 0.389130435 0 1 0 0 0.753333333 1 0.32 1 0 0 1 0 0 0 0 0 1 
1
0.275 0 0 0 1 0 0.416666667 0.193478261 0 1 0 0 0.753333333 0 0 0 1 0 1 0 0 0 1 0 0 
0
0.1125 1 0 1 0 0 0.5 0.182608696 0 0 0 1 0.946666667 0 0 1 0 0 1 0 0 0 1 0 0 
0
0.6125 0 1 0 0 0 0.583333333 0.258695652 0 1 0 0 0.606666667 0 0.36 1 0 0 0 0 1 0 1 0 0 
0
0.5625 1 1 0 0 0 0.566666667 0.352173913 1 0 0 1 0.76 0 0.28 0 1 0 0 1 0 0 1 0 0 
1
0.475 1 0 0 0 1 0.666666667 0.326086957 0 0 0 1 0.34 1 0.16 1 0 0 1 0 0 0 0 0 1 
1
0.425 1 0 0 1 0 0.458333333 0.332608696 0 0 0 1 0.613333333 0 0.1 0 0 1 0 1 0 0 1 0 0 
0
0.55 0 0 0 0 1 0.5 0.397826087 0 1 0 0 0.413333333 0 0.4 0 1 0 0 0 1 0 1 0 0 
0
0.4125 1 0 0 0 1 0.583333333 0.180434783 1 0 0 1 0.633333333 1 0.62 0 0 1 1 0 0 0 0 0 1 
1
0.475 1 0 0 1 0 0.516666667 0.226086957 0 0 0 1 0.753333333 0 0.64 1 0 0 0 0 1 0 0 0 1 
1
0.5125 1 0 0 0 1 0.416666667 0.304347826 0 1 0 0 0.533333333 1 0.72 0 1 0 0 1 0 0 0 0 1 
1
0.55 1 0 0 1 0 0.458333333 0.410869565 0 1 0 0 0.473333333 1 0.36 0 1 0 1 0 0 0 0 0 1 
1
0.4125 0 0 0 0 1 0.5 0.313043478 0 0 0 1 0.553333333 0 0.08 0 1 0 1 0 0 0 1 0 0 
0
0.4 0 0 0 1 0 0.55 0.165217391 0 0 0 1 0.726666667 0 0.02 0 1 0 1 0 0 0 1 0 0 
0
0.525 1 0 1 0 0 0.416666667 0.35 0 0 0 1 0.286666667 0 0.28 0 1 0 0 1 0 0 0 0 1 
1
0.625 1 0 0 0 1 0.625 0.117391304 0 1 0 0 0.433333333 1 0.52 0 0 1 1 0 0 0 0 0 1 
1
0.4 1 0 0 0 1 0.458333333 0.2 0 1 0 0 0.72 0 0.2 1 0 0 0 0 1 0 0 0 1 
1
0.475 0 0 1 0 0 0.55 0.432608696 1 0 0 1 0.613333333 0 0 1 0 0 0 0 1 0 1 0 0 
1
0.1875 1 0 0 0 1 0.416666667 0.169565217 0 1 0 0 0.466666667 1 0.32 0 1 0 1 0 0 0 0 0 1 
1
0.475 1 0 0 1 0 0.583333333 0.197826087 1 0 0 1 0.7 0 0 1 0 0 1 0 0 0 1 0 0 
0
0.5875 1 0 0 0 1 0.458333333 0.291304348 1 1 0 0 0.686666667 0 0.04 0 1 0 0 0 1 0 0 0 1 
1
0.7 0 0 0 1 0 0.583333333 0.167391304 0 0 1 0 0.373333333 0 0.22 0 1 0 1 0 0 0 1 0 0 
0
0.4875 1 0 0 1 0 0.666666667 0.2 1 1 0 0 0.646666667 0 0.32 1 0 0 1 0 0 0 1 0 0 
0
0.3375 1 0 0 1 0 0.316666667 0.267391304 0 1 0 0 0.613333333 0 0 1 0 0 1 0 0 0 1 0 0 
1
0.4875 1 1 0 0 0 0.9 0.326086957 0 0 0 1 0.566666667 0 0.84 0 0 1 1 0 0 0 0 0 1 
0
0.1875 1 0 0 0 1 0.466666667 0.352173913 0 0 0 1 0.64 1 0 1 0 0 1 0 0 0 0 0 1 
1
0.375 1 0 0 0 1 0.616666667 0.173913043 0 0 0 1 0.44 1 0.18 0 1 0 1 0 0 0 0 0 1 
1
0.375 1 0 0 1 0 0.583333333 0.245652174 0 1 0 0 0.686666667 0 0.12 0 1 0 0 1 0 0 0 0 1 
1
0.5375 1 1 0 0 0 0.625 0.245652174 1 0 0 1 0.6 0 0.46 0 0 1 1 0 0 0 0 1 0 
0
0.325 0 0 0 0 1 0.566666667 0.267391304 0 0 0 1 0.613333333 1 0 0 1 0 1 0 0 0 1 0 0 
0
0.425 0 0 0 1 0 0.541666667 0.4 1 1 0 0 0.733333333 0 0 1 0 0 1 0 0 0 1 0 0 
0
0.3 1 0 0 1 0 0.583333333 0.25 0 0 0 1 0.8 0 0 1 0 0 1 0 0 0 1 0 0 
0
0.5875 1 0 0 0 1 0.416666667 0.254347826 0 1 0 0 0.073333333 0 0.2 0 1 0 1 0 0 0 1 0 0 
1
0.675 0 0 1 0 0 0.416666667 0.323913043 0 0 0 1 0.406666667 1 0.04 1 0 0 0 1 0 0 1 0 0 
0
0.55 0 0 0 1 0 0.583333333 0.419565217 0 1 0 0 0.486666667 0 0.04 1 0 0 1 0 0 0 0 0 1 
0
0.5 0 0 0 1 0 0.266666667 0.430434783 0 1 0 0 0.666666667 0 0 1 0 0 0 1 0 0 1 0 0 
0
0.325 1 0 0 0 1 0.416666667 0.280434783 0 0 0 1 0.56 0 0.16 1 0 0 1 0 0 0 0 0 1 
1
0.5125 1 0 0 0 1 0.583333333 0.189130435 0 0 0 1 0.52 1 0.38 1 0 0 0 1 0 0 0 0 1 
1
0.3875 1 0 0 1 0 0.25 0.22173913 0 1 0 0 0.553333333 1 0.24 0 1 0 1 0 0 0 1 0 0 
0
0.5875 1 0 0 0 1 0.416666667 0.236956522 0 0 0 1 0.46 1 0.52 0 1 0 0 0 1 0 0 0 1 
1